반례 모음

8 8 
0 0 0 1 1 1 1 0
0 1 1 1 1 0 1 0
0 1 0 1 1 1 0 0 
0 1 0 0 0 1 0 0 
0 0 0 1 0 0 1 0 
0 0 0 0 0 1 0 0
0 1 1 1 0 0 0 0
0 1 0 0 0 1 0 0

3 7
1 0 0 1 0 0 1
1 0 0 1 0 0 1
1 1 1 1 0 0 0

answer : 2

1 3 
1 0 1

answer : -1

9 6
0 0 0 0 1 0
0 0 0 0 0 0
0 1 0 0 0 1
0 0 0 0 0 0
0 0 0 0 0 0
0 1 0 0 1 1
0 0 0 0 0 0
0 0 0 0 0 0
0 1 0 0 0 0

answer : 12

10 10
0 0 0 1 1 0 0 0 0 0
0 0 0 1 0 0 0 0 0 1
0 0 0 1 1 0 0 0 0 0
0 0 0 1 1 0 0 0 0 0
1 0 0 1 0 0 0 0 0 1
0 0 0 1 1 0 0 0 0 0
0 0 0 1 1 0 0 0 0 0
0 0 0 0 0 0 0 0 0 0
0 0 0 0 0 0 0 0 0 1
0 0 1 1 1 1 0 0 1 1

answer : 11
